18
000000000000000000000000000000000000000000000000
011111111111111111111111111111111111111111111110
011111111111111111111111111111111111111111111110
011111100011111111111111111111111111000111111110
011111111111111111111111111111111111111111111110
011111111111111111111111111111111111111111111110
011111100011111111111111111111111111111111111110
011111111111111111111111100000111111111111111110
011111111111111111111111100000111111111111111110
011111111111111111111111100000111111111111111110
011111111110000001111111111111111111111111111110
011111111110111101111111111111111111111111111110
011111111110111101111111111111111111111111111110
011111111110000001111111111111111111111111111110
011111111111111111111111111111111111111111111110
011111111111111111111111111111111111111111111110
011111111111111111111111111111111111111111111110
000000000000000000000000000000000000000000000000
